V=120;
n=0.109;
p1=0.029;
p2=0.029;
p3=0.00000783;
Gb=80;
Xb=0.0054;
Ag=0.8;
tgmax=40;
Dg=0;
kr=2;
num=[1001.98 63.54 1]
dem=[0.917 1 0]
Dg1=40;
Dg2=60;
Dg3=80;
%%Dg1=40000;
%Dg2=60000;
%Dg3=80000;
Ke1=0.7026;
Ke2=-0.0014235375;
Ke3=-1.4;
K1=55.55;
K2=1260000;
K3=132.312
